idle (12 frame; ditandai: 0)
  f   tcx  pelat_bahu_1 pelat_bahu_2 pelat_bahu_3       gesper tanduk_patah   bahu_kecil         ekor      moncong  cahaya
  0    44.5         -18.0        -16.8        -14.6         -0.2        -18.9        +13.4        -22.2        +14.2  -2.0
  1    44.5         -18.0        -16.8        -14.6         -0.2        -18.9        +13.4        -22.3        +14.2  -2.0
  2    44.5         -18.0        -16.8        -14.6         +0.0        -18.9        +13.2        -22.1        +14.2  -2.0
  3    44.5         -18.0        -16.8        -14.6         +0.0        -18.9        +13.2        -22.1        +14.2  -2.0
  4    44.5         -18.0        -16.8        -14.6         +0.0        -18.9        +13.2        -21.8        +14.2  -2.0
  5    44.5         -18.0        -16.8        -14.6         +0.0        -18.9        +13.2        -21.8        +14.2  -2.0
  6    44.5         -18.0        -16.8        -14.6         +0.0        -18.9        +13.2        -21.7        +14.2  -2.0
  7    44.5         -18.0        -16.8        -14.6         -0.2        -18.9        +13.4        -21.8        +14.2  -2.0
  8    44.5         -18.0        -16.8        -14.6         -0.2        -18.9        +13.4        -21.7        +14.2  -2.0
  9    44.5         -18.0        -16.8        -14.6         -0.2        -18.9        +13.4        -21.9        +14.2  -2.0
  10   44.5         -18.0        -16.8        -14.6         -0.2        -18.9        +13.4        -21.9        +14.2  -2.0
  11   44.5         -18.0        -16.8        -14.6         -0.2        -18.9        +13.4        -22.2        +14.2  -2.0

run (12 frame; ditandai: 0)
  f   tcx  pelat_bahu_1 pelat_bahu_2 pelat_bahu_3       gesper tanduk_patah   bahu_kecil         ekor      moncong  cahaya
  0    84.5         -14.9        -16.2        -17.1         +0.0        -15.9        +13.4        -25.3        +17.2  -2.0
  1    84.5         -14.1        -15.8        -17.1         +0.0        -15.9        +13.4        -28.1        +17.2  -2.0
  2    84.5         -14.9        -16.7        -16.8         +0.0        -15.9        +13.4        -24.9        +17.2  -2.0
  3    84.5         -16.9        -17.5        -16.0         +0.0        -15.9        +13.4        -26.9        +17.2  -2.0
  4    84.5         -17.7        -18.5        -15.9         +0.0        -15.9        +13.5        -26.9        +17.2  -2.0
  5    84.5         -16.8        -18.1        -16.0         +0.0        -15.9        +13.4        -25.9        +17.2  -2.0
  6    84.5         -14.9        -17.0        -16.8         +0.0        -15.9        +13.4        -25.3        +17.2  -2.0
  7    84.5         -14.1        -16.2        -17.0         +0.0        -15.9        +13.4        -28.1        +17.2  -2.0
  8    84.5         -14.9        -16.7        -16.7         +0.0        -15.9        +13.4        -24.9        +17.2  -2.0
  9    84.5         -16.9        -18.1        -16.3         +0.0        -15.9        +13.4        -26.9        +17.2  -2.0
  10   84.5         -17.7        -17.9        -16.6         +0.0        -15.9        +13.5        -26.8        +17.2  -2.0
  11   84.5         -16.2        -17.0        -16.9         +0.0        -15.9        +13.4        -25.5        +17.2  -2.0

rage (12 frame; ditandai: 0)
  f   tcx  pelat_bahu_1 pelat_bahu_2 pelat_bahu_3       gesper tanduk_patah   bahu_kecil         ekor      moncong  cahaya
  0    44.5         -18.0        -16.8        -14.8         -0.2        -18.9        +13.5        -22.2        +14.2  -2.0
  1    44.0         -17.7        -16.7        -14.8         +0.5        -19.4        +13.7        -22.3        +13.7  -2.0
  2    43.5         -18.0        -16.8        -15.2         +1.0        -19.9        +14.3        -21.8        +13.2  -2.0
  3    43.5         -18.0        -16.8        -15.7         +1.0        -19.9        +15.1        -21.0        +13.2  -2.0
  4    42.5         -18.0        -16.8        -14.6         -0.1        -20.9        +13.5        -20.2        +12.2  -2.0
  5    42.0         -17.7        -16.7        -14.5         +0.2        -21.4        +13.5        -20.6        +11.7  -2.4
  6    42.0         -17.7        -16.7        -14.5         +0.2        -21.4        +13.5        -20.8        +11.7  -2.4
  7    43.5         -18.0        -16.8        -14.6         +0.8        -20.9        +13.5        -20.4        +12.2  -2.0
  8    41.5         -18.0        -16.8        -14.6         +0.9        -20.9        +13.5        -20.6        +12.2  -2.0
  9    44.0         -17.7        -16.7        -14.6         +0.3        -20.4        +13.6        -21.8        +12.7  -2.0
  10   44.0         -17.7        -16.7        -14.7         +0.5        -19.4        +13.6        -21.8        +13.7  -2.0
  11   45.5         -18.0        -16.8        -15.0         +1.0        -17.9        +13.0        -22.6        +15.2  -2.0

attack-leap (14 frame; ditandai: 0)
  f   tcx  pelat_bahu_1 pelat_bahu_2 pelat_bahu_3       gesper tanduk_patah   bahu_kecil         ekor      moncong  cahaya
  0    35.5         -18.0        -16.8        -14.6         +0.7        -18.9        +13.4        -22.2        +14.2  -2.4
  1    34.5         -18.0        -16.8        -15.2         +0.0        -19.9        +12.1        -21.7        +13.2  -2.0
  2    39.0         -17.7        -16.7        -14.7         -0.4        -18.4         +8.7        -22.9        +14.7  -2.2
  3    42.0         -17.7        -16.7        -14.7         +0.5        -19.4         +8.9        -22.1        +13.7  -2.0
  4    45.5         -18.0        -16.8        -14.7         +1.0        -19.9        +13.5        -21.3        +13.2  -2.0
  5    50.5         -15.2        -13.8        -11.7         +0.4        -17.9        +19.0        -23.6        +15.2  -1.8
  6    53.5         -14.7        -14.3        -11.4         +1.0        -15.9        +17.5        -25.4        +17.2  -2.0
  7    49.5         -13.0        -11.8         -9.7         +1.0        -14.9        +12.6        -26.3        +18.2  -2.0
  8    50.5         -12.0        -10.8         -8.7         +0.0        -13.9        +14.5        -27.4        +19.2  -2.0
  9    50.5         -12.0        -10.8         -8.7         +0.0        -13.9        +17.7        -27.4        +19.2  -2.0
  10   48.0         -14.7        -13.7        -11.7         +0.5        -16.4        +18.2        -24.9        +16.7  -2.0
  11   44.5         -17.0        -15.8        -13.8         +0.0        -17.9        +15.2        -23.3        +15.2  -2.0
  12   37.5         -18.0        -16.8        -14.6         +1.0        -17.9        +13.3        -22.5        +15.2  -2.0
  13   39.5         -18.0        -16.8        -14.6         +0.7        -18.9        +13.4        -21.8        +14.2  -2.4

attack-smash (12 frame; ditandai: 0)
  f   tcx  pelat_bahu_1 pelat_bahu_2 pelat_bahu_3       gesper tanduk_patah   bahu_kecil         ekor      moncong  cahaya
  0    34.5         -18.0        -16.8        -14.6         -0.2        -18.9        +13.4        -22.2        +14.2  -2.0
  1    33.5         -17.8        -16.8        -14.6         +0.5        -19.9        +10.6        -21.7        +13.2  -2.7
  2    33.5         -17.8        -16.8        -14.7         +1.0        -19.9         +9.8        -21.3        +13.2  -2.0
  3    33.0         -17.7        -16.7        -14.8         +0.5        -19.4        +16.3        -21.7        +13.7  -2.0
  4    34.5         -18.0        -16.8        -14.8         +0.0        -18.9        +15.2        -22.5        +14.2  -2.0
  5    38.0         -13.7        -12.7        -10.6         +0.5        -16.4        +15.9        -24.9        +16.2  -2.0
  6    39.5         -13.0        -11.8         -9.7         +1.0        -14.9        +13.1        -26.3        +18.2  -2.0
  7    40.5         -12.0        -10.8         -8.7         +0.0        -13.9        +14.5        -27.4        +19.2  -2.0
  8    40.5         -12.0        -10.8         -8.7         +0.0        -13.9        +17.7        -27.4        +19.2  -2.0
  9    39.0         -11.7        -10.7         -8.6         +0.5        -15.4        +17.7        -25.9        +17.7  -2.0
  10   37.0         -14.7        -13.7        -11.6         +0.5        -17.4        +15.4        -24.1        +15.7  -2.0
  11   35.0         -17.7        -16.7        -14.5         +0.5        -18.4        +13.3        -22.2        +14.7  -2.0

miss (10 frame; ditandai: 0)
  f   tcx  pelat_bahu_1 pelat_bahu_2 pelat_bahu_3       gesper tanduk_patah   bahu_kecil         ekor      moncong  cahaya
  0    34.5         -18.0        -16.8        -14.6         -0.2        -18.9        +13.4        -22.2        +14.2  -2.0
  1    33.5         -17.8        -16.8        -14.6         +0.5        -19.9        +10.6        -21.7        +13.2  -2.7
  2    33.5         -17.8        -16.8        -14.7         +1.0        -19.9         +9.8        -21.3        +13.2  -2.0
  3    35.5         -15.0        -13.8        -11.7         +1.0        -17.9        +14.0        -23.0        +14.8  -2.0
  4    38.5         -14.0        -12.8        -10.7         +0.0        -15.9        +11.8        -25.4        +17.2  -2.0
  5    41.0         -12.7        -11.7         -9.7         +0.5        -13.4        +17.4        -27.9        +19.7  -2.0
  6    44.5         -12.0        -10.8         -8.8         +0.0        -12.9        +17.4        -29.4        +20.2  -2.0
  7    41.0         -14.7        -13.7        -11.7         +0.5        -13.4        +17.1        -27.0        +19.7  -2.0
  8    37.0         -17.7        -16.7        -14.5         +0.5        -17.4        +15.8        -23.8        +15.7  -2.0
  9    35.0         -17.7        -16.7        -14.5         +0.5        -18.4        +13.3        -22.0        +14.7  -2.0

exhaustion (12 frame; ditandai: 0)
  f   tcx  pelat_bahu_1 pelat_bahu_2 pelat_bahu_3       gesper tanduk_patah   bahu_kecil         ekor      moncong  cahaya
  0    48.0         -17.7        -16.7        -16.8         +0.1        -16.4        +12.5        -24.6        +16.7  -2.5
  1    48.0         -17.7        -16.7        -16.1         +0.1        -16.4        +14.0        -24.7        +16.7  -2.5
  2    48.0         -17.7        -16.7        -15.6         +0.0        -16.4        +14.1        -24.9        +16.7  -2.8
  3    48.0         -17.7        -16.7        -15.2         +0.0        -16.4        +14.1        -24.7        +16.7  -2.8
  4    48.0         -17.6        -15.8        -16.1         +0.1        -16.4        +14.1        -24.8        +16.7  -2.5
  5    48.0         -17.7        -16.7        -16.8         +0.1        -16.4        +12.5        -24.6        +16.7  -2.5
  6    48.0         -17.7        -16.7        -16.8         +0.1        -16.4        +12.5        -24.6        +16.7  -2.5
  7    48.0         -17.7        -16.7        -16.1         +0.1        -16.4        +14.0        -24.7        +16.7  -2.5
  8    48.0         -17.7        -16.7        -15.6         +0.0        -16.4        +14.1        -24.9        +16.7  -2.8
  9    48.0         -17.7        -16.7        -15.2         +0.0        -16.4        +14.1        -24.7        +16.7  -2.8
  10   48.0         -17.6        -15.8        -16.1         +0.1        -16.4        +14.1        -24.8        +16.7  -2.5
  11   48.0         -17.7        -16.7        -16.8         +0.1        -16.4        +12.5        -24.6        +16.7  -2.5

defeated (14 frame; ditandai: 0)
  f   tcx  pelat_bahu_1 pelat_bahu_2 pelat_bahu_3       gesper tanduk_patah   bahu_kecil         ekor      moncong  cahaya
  0    44.5         -18.0        -16.8        -16.6         -0.3        -15.9        +13.2        -26.2        +17.2  -2.8
  1    44.5         -18.0        -16.8        -16.6         -0.3        -15.9        +13.2        -26.2        +17.2  -2.8
  2    44.5         -18.0        -16.8        -16.1         -0.7        -15.9        +13.5        -25.9        +17.2  -2.5
  3    44.5         -18.0        -16.8        -16.1         -0.7        -15.9        +13.5        -25.6        +17.2  -2.5
  4    44.5         -18.0        -16.8        -16.1         -0.7        -15.9        +13.6        -25.7        +17.2  -2.5
  5    44.5         -18.0        -16.8        -16.6         -0.3        -15.9        +13.2        -25.6        +17.2  -2.8
  6    44.5         -18.0        -16.8        -16.6         -0.3        -15.9        +13.0        -25.6        +17.2  -2.8
  7    44.5         -18.0        -16.8        -16.6         -0.3        -15.9        +13.2        -25.6        +17.2  -2.8
  8    44.5         -18.0        -16.8        -16.1         -0.7        -15.9        +13.5        -25.5        +17.2  -2.5
  9    44.5         -18.0        -16.8        -16.1         -0.7        -15.9        +13.5        -25.6        +17.2  -2.5
  10   44.5         -18.0        -16.8        -16.1         -0.7        -15.9        +13.5        -25.5        +17.2  -2.5
  11   44.5         -18.0        -16.8        -16.5         -0.3        -15.9        +13.2        -25.7        +17.2  -2.8
  12   44.5         -18.0        -16.8        -16.3         -0.3        -15.9        +13.2        -25.9        +17.2  -2.8
  13   44.5         -17.7        -16.3        -16.6         -0.3        -15.9        +13.2        -26.1        +17.2  -2.8

total frame-elemen ditandai: 0
